Literary <- list(
#Charles Dickens House
list(Name="Charles Dickens House",
     Location=c(51.52791483010891, -0.062431101592409916),
     Type="Literary Location",
     Area="City of London")
)
